ScaleFactor1F: 1.272085
ScaleFactor2F: 1.592172
ScaleFactor3F: 5.175439
