ScaleFactor1F: 1.460052
ScaleFactor2F: 2.106796
ScaleFactor3F: 1.932039
