ScaleFactor1F: 1.786245
ScaleFactor2F: 2.104693
ScaleFactor3F: 0.000000
