ScaleFactor1F: 1.094773
ScaleFactor2F: 0.799712
