ScaleFactor1F: 1.227466
ScaleFactor2F: 2.065517
