ScaleFactor1F: 0.928427
ScaleFactor2F: 1.619266
