ScaleFactor1F: 1.336940
ScaleFactor2F: 1.412602
