ScaleFactor1F: 1.444931
ScaleFactor2F: 2.224839
