ScaleFactor1F: 1.717149
ScaleFactor2F: 2.371831
