ScaleFactor1F: 7.537760
ScaleFactor2F: 18.142857
