ScaleFactor1F: 1.141457
ScaleFactor2F: 0.936000
