ScaleFactor1F: 1.447019
ScaleFactor2F: 1.273550
