ScaleFactor1F: 1.432392
ScaleFactor2F: 0.557292
