ScaleFactor1F: 1.657876
ScaleFactor2F: 1.117117
