ScaleFactor1F: 1.316695
ScaleFactor2F: 1.338902
ScaleFactor3F: 2.250000
