ScaleFactor1F: 1.264244
ScaleFactor2F: 2.742176
ScaleFactor3F: 0.834061
